chr	start	end	numsnp	length	CN	conf	batch	sample_ID	GT	center	cix	CNVR	plot_id
1	17210640	17268833	26	58194	3	14.548	187	4781467	2	17239737	20	1p_23_sml_2	/home/simone/Documents/shinyCNV/simpler_app/data/plots/4781467_1_17210640.png
1	145383239	145748503	114	365265	3	54.173	30	1889856	2	145565872	11	1q_1_sml_1	/home/simone/Documents/shinyCNV/simpler_app/data/plots/1889856_1_145383239.png
1	152159773	152286367	73	126595	3	17.175	5	3373736	2	152223070	8	1q_2_sngl_5	/home/simone/Documents/shinyCNV/simpler_app/data/plots/3373736_1_152159773.png
1	189332108	189533463	35	201356	1	46.244	37	1527283	1	189432786	85	1q_2_sml_10_fmrg	/home/simone/Documents/shinyCNV/simpler_app/data/plots/1527283_1_189332108.png
10	15569381	15583365	27	13985	1	18.187	167	3025044	1	15576374	35	10p_21_sml_6	/home/simone/Documents/shinyCNV/simpler_app/data/plots/3025044_10_15569381.png
10	89814412	90073986	99	259575	1	34.643	12	1526578	1	89944200	1	10q_39_sngl_1	/home/simone/Documents/shinyCNV/simpler_app/data/plots/1526578_10_89814412.png
10	93654381	93968910	42	314530	3	32.497	223	3769634	2	93811646	1	10q_44_sngl_1	/home/simone/Documents/shinyCNV/simpler_app/data/plots/3769634_10_93654381.png
11	132834193	133158673	172	324481	3	133.922	49	3288960	2	132996434	5	11q_92_sml_1	/home/simone/Documents/shinyCNV/simpler_app/data/plots/3288960_11_132834193.png
12	63938592	64019352	26	80761	1	17.295	171	1369111	1	63978972	7	12q_24_sml_3_fmrg_fmrg	/home/simone/Documents/shinyCNV/simpler_app/data/plots/1369111_12_63938592.png
13	21645906	22188468	161	542563	3	80.492	12	1526578	2	21917188	2	13q_7_sngl_2	/home/simone/Documents/shinyCNV/simpler_app/data/plots/1526578_13_21645906.png
13	22358238	22421262	39	63025	3	16.009	12	1526578	2	22389750	1	13q_8_sngl_1	/home/simone/Documents/shinyCNV/simpler_app/data/plots/1526578_13_22358238.png
13	22728349	23053136	163	324788	3	70.432	12	1526578	2	22890743	1	13q_9_sngl_1	/home/simone/Documents/shinyCNV/simpler_app/data/plots/1526578_13_22728349.png
13	23244935	23312495	34	67561	3	24.878	12	1526578	2	23278716	3	13q_9_sngl_3	/home/simone/Documents/shinyCNV/simpler_app/data/plots/1526578_13_23244935.png
13	23554283	23909162	167	354880	3	60.896	12	1526578	2	23731723	10	13q_11_sngl_1	/home/simone/Documents/shinyCNV/simpler_app/data/plots/1526578_13_23554283.png
13	24396603	26573056	787	2176454	3	138.111	12	1526578	2	25484830	16	13q_11_sngl_5	/home/simone/Documents/shinyCNV/simpler_app/data/plots/1526578_13_24396603.png
13	28143229	28397996	88	254768	3	32.737	12	1526578	2	28270613	1	13q_12_sngl_1	/home/simone/Documents/shinyCNV/simpler_app/data/plots/1526578_13_28143229.png
13	29162663	29341135	57	178473	3	40.405	12	1526578	2	29251900	2	13q_14_sngl_2	/home/simone/Documents/shinyCNV/simpler_app/data/plots/1526578_13_29162663.png
13	29971879	30067464	48	95586	3	20.576	12	1526578	2	30019672	1	13q_15_sngl_1	/home/simone/Documents/shinyCNV/simpler_app/data/plots/1526578_13_29971879.png
13	30699702	31013903	113	314202	3	54.204	12	1526578	2	30856803	1	13q_16_sngl_1	/home/simone/Documents/shinyCNV/simpler_app/data/plots/1526578_13_30699702.png
13	31269898	31435381	75	165484	3	31.117	12	1526578	2	31352640	1	13q_17_sngl_1	/home/simone/Documents/shinyCNV/simpler_app/data/plots/1526578_13_31269898.png
13	34257051	34365196	26	108146	3	23.124	12	1526578	2	34311124	1	13q_19_sngl_1	/home/simone/Documents/shinyCNV/simpler_app/data/plots/1526578_13_34257051.png
13	34997387	35229109	72	231723	3	33.518	12	1526578	2	35113248	1	13q_21_sngl_1	/home/simone/Documents/shinyCNV/simpler_app/data/plots/1526578_13_34997387.png
13	36444633	36972607	129	527975	3	73.093	12	1526578	2	36708620	1	13q_22_sngl_1	/home/simone/Documents/shinyCNV/simpler_app/data/plots/1526578_13_36444633.png
13	37659969	37821465	32	161497	3	16.668	12	1526578	2	37740718	1	13q_23_sngl_1	/home/simone/Documents/shinyCNV/simpler_app/data/plots/1526578_13_37659969.png
13	38538467	38884919	75	346453	3	26.121	12	1526578	2	38711694	1	13q_24_sngl_1	/home/simone/Documents/shinyCNV/simpler_app/data/plots/1526578_13_38538467.png
13	39367717	39544533	62	176817	3	19.22	12	1526578	2	39456126	4	13q_25_sngl_2	/home/simone/Documents/shinyCNV/simpler_app/data/plots/1526578_13_39367717.png
13	39691372	39839941	41	148570	3	22.064	12	1526578	2	39765657	1	13q_26_sngl_1	/home/simone/Documents/shinyCNV/simpler_app/data/plots/1526578_13_39691372.png
13	40146469	41552729	382	1406261	3	130.213	12	1526578	2	40849600	1	13q_27_sngl_1	/home/simone/Documents/shinyCNV/simpler_app/data/plots/1526578_13_40146469.png
13	43403288	43480001	36	76714	3	23.907	12	1526578	2	43441645	1	13q_29_sngl_1	/home/simone/Documents/shinyCNV/simpler_app/data/plots/1526578_13_43403288.png
13	43720613	43816415	44	95803	3	27.105	12	1526578	2	43768514	10	13q_29_sngl_4	/home/simone/Documents/shinyCNV/simpler_app/data/plots/1526578_13_43720613.png
13	43436756	43754772	108	318017	3	114.556	223	3769634	2	43595764	2	13q_29_sml_1_fmrg	/home/simone/Documents/shinyCNV/simpler_app/data/plots/3769634_13_43436756.png
13	44048143	44236039	36	187897	3	19.135	12	1526578	2	44142092	2	13q_30_sngl_2	/home/simone/Documents/shinyCNV/simpler_app/data/plots/1526578_13_44048143.png
13	44543882	45518712	254	974831	3	115.795	12	1526578	2	45031298	1	13q_31_sngl_1	/home/simone/Documents/shinyCNV/simpler_app/data/plots/1526578_13_44543882.png
13	47084220	47204385	35	120166	3	16.425	12	1526578	2	47144303	1	13q_33_sml_1	/home/simone/Documents/shinyCNV/simpler_app/data/plots/1526578_13_47084220.png
13	47327160	47596714	81	269555	3	33.621	12	1526578	2	47461938	1	13q_34_sngl_1	/home/simone/Documents/shinyCNV/simpler_app/data/plots/1526578_13_47327160.png
13	49286438	49427737	51	141300	3	37.461	12	1526578	2	49357088	1	13q_37_sngl_1	/home/simone/Documents/shinyCNV/simpler_app/data/plots/1526578_13_49286438.png
13	49890086	49988458	46	98373	3	49.825	12	1526578	2	49939272	1	13q_38_sngl_1	/home/simone/Documents/shinyCNV/simpler_app/data/plots/1526578_13_49890086.png
13	50587140	51313463	134	726324	1	252.296	12	1526578	1	50950302	2	13q_39_sngl_2	/home/simone/Documents/shinyCNV/simpler_app/data/plots/1526578_13_50587140.png
13	51790711	51912196	39	121486	3	16.558	12	1526578	2	51851454	1	13q_40_sngl_1	/home/simone/Documents/shinyCNV/simpler_app/data/plots/1526578_13_51790711.png
13	52485401	52605154	41	119754	3	23.539	12	1526578	2	52545278	1	13q_41_sngl_1	/home/simone/Documents/shinyCNV/simpler_app/data/plots/1526578_13_52485401.png
13	53134888	53357830	51	222943	3	32.756	12	1526578	2	53246360	1	13q_42_sngl_1	/home/simone/Documents/shinyCNV/simpler_app/data/plots/1526578_13_53134888.png
13	53536941	53628524	31	91584	3	23.693	12	1526578	2	53582733	1	13q_43_sngl_1	/home/simone/Documents/shinyCNV/simpler_app/data/plots/1526578_13_53536941.png
13	57912901	58280885	59	367985	3	27.228	12	1526578	2	58096894	2	13q_47_sngl_2	/home/simone/Documents/shinyCNV/simpler_app/data/plots/1526578_13_57912901.png
13	59732329	60031815	92	299487	3	26.384	12	1526578	2	59882072	1	13q_49_sngl_1	/home/simone/Documents/shinyCNV/simpler_app/data/plots/1526578_13_59732329.png
13	61394967	61838518	79	443552	3	35.486	12	1526578	2	61616743	1	13q_50_sngl_1	/home/simone/Documents/shinyCNV/simpler_app/data/plots/1526578_13_61394967.png
13	63488423	63802225	43	313803	3	21.984	12	1526578	2	63645324	1	13q_51_sngl_1	/home/simone/Documents/shinyCNV/simpler_app/data/plots/1526578_13_63488423.png
13	64010704	64220103	40	209400	3	22.313	12	1526578	2	64115404	1	13q_53_sngl_1	/home/simone/Documents/shinyCNV/simpler_app/data/plots/1526578_13_64010704.png
13	65230097	65588737	53	358641	3	16.948	12	1526578	2	65409418	2	13q_55_sngl_2	/home/simone/Documents/shinyCNV/simpler_app/data/plots/1526578_13_65230097.png
13	67190960	67345123	31	154164	3	22.229	12	1526578	2	67268042	1	13q_59_sml_1_fmrg	/home/simone/Documents/shinyCNV/simpler_app/data/plots/1526578_13_67190960.png
13	70574441	70835015	65	260575	3	38.418	12	1526578	2	70704728	1	13q_61_sngl_1	/home/simone/Documents/shinyCNV/simpler_app/data/plots/1526578_13_70574441.png
13	71689027	71841947	46	152921	3	26.033	12	1526578	2	71765488	1	13q_63_sngl_1	/home/simone/Documents/shinyCNV/simpler_app/data/plots/1526578_13_71689027.png
13	72804031	73124454	113	320424	3	54.53	12	1526578	2	72964243	1	13q_64_sngl_1	/home/simone/Documents/shinyCNV/simpler_app/data/plots/1526578_13_72804031.png
13	73982286	74333162	83	350877	3	32.229	12	1526578	2	74157724	1	13q_65_sngl_1	/home/simone/Documents/shinyCNV/simpler_app/data/plots/1526578_13_73982286.png
13	74919655	75045462	37	125808	3	17.114	12	1526578	2	74982559	1	13q_66_sngl_1	/home/simone/Documents/shinyCNV/simpler_app/data/plots/1526578_13_74919655.png
13	75770446	77639591	506	1869146	3	53.49	12	1526578	2	76705019	1	13q_67_sngl_1	/home/simone/Documents/shinyCNV/simpler_app/data/plots/1526578_13_75770446.png
13	79735044	79846469	30	111426	3	30.822	12	1526578	2	79790757	1	13q_68_sngl_1	/home/simone/Documents/shinyCNV/simpler_app/data/plots/1526578_13_79735044.png
13	80090114	81045409	214	955296	3	52.124	12	1526578	2	80567762	1	13q_69_sngl_1	/home/simone/Documents/shinyCNV/simpler_app/data/plots/1526578_13_80090114.png
13	84377041	84523659	25	146619	3	17.127	12	1526578	2	84450350	4	13q_71_sngl_4	/home/simone/Documents/shinyCNV/simpler_app/data/plots/1526578_13_84377041.png
13	85470027	85616515	32	146489	3	14.935	12	1526578	2	85543272	1	13q_73_sngl_1	/home/simone/Documents/shinyCNV/simpler_app/data/plots/1526578_13_85470027.png
13	85863885	86019440	42	155556	3	26.001	12	1526578	2	85941663	1	13q_74_sngl_1	/home/simone/Documents/shinyCNV/simpler_app/data/plots/1526578_13_85863885.png
13	86226051	86360652	29	134602	3	21.012	12	1526578	2	86293352	1	13q_75_sngl_1	/home/simone/Documents/shinyCNV/simpler_app/data/plots/1526578_13_86226051.png
13	86690527	86986609	37	296083	3	24.928	12	1526578	2	86838568	2	13q_76_sngl_2	/home/simone/Documents/shinyCNV/simpler_app/data/plots/1526578_13_86690527.png
13	88448483	88665576	45	217094	3	20.14	12	1526578	2	88557030	1	13q_78_sngl_1	/home/simone/Documents/shinyCNV/simpler_app/data/plots/1526578_13_88448483.png
13	90067264	90194285	28	127022	3	18.022	12	1526578	2	90130775	1	13q_80_sngl_1	/home/simone/Documents/shinyCNV/simpler_app/data/plots/1526578_13_90067264.png
13	90753329	91232507	119	479179	3	29.28	12	1526578	2	90992918	5	13q_81_sngl_2	/home/simone/Documents/shinyCNV/simpler_app/data/plots/1526578_13_90753329.png
13	91741053	91957530	60	216478	3	24.375	12	1526578	2	91849292	1	13q_82_sngl_1	/home/simone/Documents/shinyCNV/simpler_app/data/plots/1526578_13_91741053.png
13	92128845	92267431	36	138587	3	24.006	12	1526578	2	92198138	8	13q_83_sngl_1	/home/simone/Documents/shinyCNV/simpler_app/data/plots/1526578_13_92128845.png
13	92840820	92962230	33	121411	3	13.705	12	1526578	2	92901526	4	13q_84_sngl_4	/home/simone/Documents/shinyCNV/simpler_app/data/plots/1526578_13_92840820.png
13	93279457	93517731	39	238275	3	20.191	12	1526578	2	93398594	5	13q_84_sngl_5	/home/simone/Documents/shinyCNV/simpler_app/data/plots/1526578_13_93279457.png
13	94446829	94652322	38	205494	3	15.404	12	1526578	2	94549576	1	13q_85_sngl_1	/home/simone/Documents/shinyCNV/simpler_app/data/plots/1526578_13_94446829.png
13	95119785	95364046	55	244262	3	38.055	12	1526578	2	95241916	1	13q_86_sngl_1	/home/simone/Documents/shinyCNV/simpler_app/data/plots/1526578_13_95119785.png
13	95535759	95678850	59	143092	3	38.954	12	1526578	2	95607305	1	13q_87_sngl_1	/home/simone/Documents/shinyCNV/simpler_app/data/plots/1526578_13_95535759.png
13	95851739	96004855	71	153117	3	41.761	12	1526578	2	95928298	1	13q_88_sngl_1	/home/simone/Documents/shinyCNV/simpler_app/data/plots/1526578_13_95851739.png
13	96635843	97059863	61	424021	3	28.042	12	1526578	2	96847854	1	13q_89_sngl_1	/home/simone/Documents/shinyCNV/simpler_app/data/plots/1526578_13_96635843.png
13	97288935	97609669	68	320735	3	18.595	12	1526578	2	97449302	4	13q_89_sngl_4	/home/simone/Documents/shinyCNV/simpler_app/data/plots/1526578_13_97288935.png
13	97883141	98085349	51	202209	3	27.681	12	1526578	2	97984246	1	13q_90_sngl_1	/home/simone/Documents/shinyCNV/simpler_app/data/plots/1526578_13_97883141.png
13	98306017	99763001	472	1456985	3	120.185	12	1526578	2	99034510	1	13q_91_sngl_1	/home/simone/Documents/shinyCNV/simpler_app/data/plots/1526578_13_98306017.png
13	101204054	101387516	43	183463	3	34.51	12	1526578	2	101295786	1	13q_92_sngl_1	/home/simone/Documents/shinyCNV/simpler_app/data/plots/1526578_13_101204054.png
13	101643605	102060280	129	416676	3	63.127	12	1526578	2	101851943	1	13q_93_sngl_1	/home/simone/Documents/shinyCNV/simpler_app/data/plots/1526578_13_101643605.png
13	102578026	104005695	441	1427670	3	38.772	12	1526578	2	103291861	1	13q_94_sngl_1	/home/simone/Documents/shinyCNV/simpler_app/data/plots/1526578_13_102578026.png
13	106119446	106350411	89	230966	3	18.415	12	1526578	2	106234929	1	13q_97_sngl_1	/home/simone/Documents/shinyCNV/simpler_app/data/plots/1526578_13_106119446.png
13	106484397	106528939	26	44543	3	23.34	12	1526578	2	106506668	1	13q_98_sngl_1	/home/simone/Documents/shinyCNV/simpler_app/data/plots/1526578_13_106484397.png
13	106937320	108169072	438	1231753	3	89.769	12	1526578	2	107553196	3	13q_99_sngl_3	/home/simone/Documents/shinyCNV/simpler_app/data/plots/1526578_13_106937320.png
13	109008530	109505800	179	497271	3	54.293	12	1526578	2	109257166	1	13q_101_sngl_1	/home/simone/Documents/shinyCNV/simpler_app/data/plots/1526578_13_109008530.png
13	110330521	110381691	32	51171	3	29.605	12	1526578	2	110356106	1	13q_103_sngl_1	/home/simone/Documents/shinyCNV/simpler_app/data/plots/1526578_13_110330521.png
13	110879554	111187750	200	308197	3	74.702	12	1526578	2	111033652	1	13q_104_sngl_1	/home/simone/Documents/shinyCNV/simpler_app/data/plots/1526578_13_110879554.png
13	111711587	111827229	42	115643	3	19.564	12	1526578	2	111769408	11	13q_106_sngl_1	/home/simone/Documents/shinyCNV/simpler_app/data/plots/1526578_13_111711587.png
13	112051242	112611554	202	560313	3	52.308	12	1526578	2	112331398	1	13q_107_sngl_1	/home/simone/Documents/shinyCNV/simpler_app/data/plots/1526578_13_112051242.png
13	113044023	113398068	153	354046	3	51.736	12	1526578	2	113221046	1	13q_108_sngl_1	/home/simone/Documents/shinyCNV/simpler_app/data/plots/1526578_13_113044023.png
14	43868302	44116852	44	248551	3	21.656	50	1384458	2	43992578	21	14q_23_sml_2	/home/simone/Documents/shinyCNV/simpler_app/data/plots/1384458_14_43868302.png
14	74003638	74044732	65	41095	3	34.993	1	1172367	2	74024186	25	14q_52_sml_3	/home/simone/Documents/shinyCNV/simpler_app/data/plots/1172367_14_74003638.png
14	74003638	74050644	75	47007	3	11.4	5	3373736	2	74027142	26	14q_52_sml_4	/home/simone/Documents/shinyCNV/simpler_app/data/plots/3373736_14_74003638.png
14	89416057	89484373	30	68317	1	15.48	192	4944650	1	89450216	2	14q_69_sngl_2	/home/simone/Documents/shinyCNV/simpler_app/data/plots/4944650_14_89416057.png
15	24571878	24694913	27	123036	1	28.845	163	4581523	1	24633396	50	15q_4_sml_12	/home/simone/Documents/shinyCNV/simpler_app/data/plots/4581523_15_24571878.png
15	29214702	29362955	50	148254	3	22.293	189	2087990	2	29288829	9	15q_9_sngl_3	/home/simone/Documents/shinyCNV/simpler_app/data/plots/2087990_15_29214702.png
15	31067205	32516949	425	1449745	1	404.673	143	3506465	1	31792078	24	15q_9_sml_3	/home/simone/Documents/shinyCNV/simpler_app/data/plots/3506465_15_31067205.png
15	57644977	57716984	34	72008	3	18.913	32	1973004	2	57680981	3	15q_35_sml_1	/home/simone/Documents/shinyCNV/simpler_app/data/plots/1973004_15_57644977.png
15	70405692	70441251	26	35560	3	14.297	105	3253827	2	70423472	1	15q_44_sngl_1	/home/simone/Documents/shinyCNV/simpler_app/data/plots/3253827_15_70405692.png
15	100786271	100895072	64	108802	1	62.191	42	4589343	1	100840672	5	15q_77_sml_1	/home/simone/Documents/shinyCNV/simpler_app/data/plots/4589343_15_100786271.png
16	818452	879033	64	60582	3	7.759	27	3979534	2	848743	55	16p_2_sml_19_fmrg	/home/simone/Documents/shinyCNV/simpler_app/data/plots/3979534_16_818452.png
16	6844322	6877847	30	33526	1	23.957	199	4362217	1	6861085	33	16p_15_sngl_12	/home/simone/Documents/shinyCNV/simpler_app/data/plots/4362217_16_6844322.png
16	21947745	22440319	145	492575	1	115.855	143	3506465	1	22194032	6	16p_32_sml_1	/home/simone/Documents/shinyCNV/simpler_app/data/plots/3506465_16_21947745.png
16	26500874	27396461	379	895588	3	205.263	27	3979534	2	26948668	3	16p_34_sml_1	/home/simone/Documents/shinyCNV/simpler_app/data/plots/3979534_16_26500874.png
16	75540347	75583585	26	43239	3	14.507	163	5922066	2	75561966	18	16q_35_sml_6	/home/simone/Documents/shinyCNV/simpler_app/data/plots/5922066_16_75540347.png
17	21699041	22217629	88	518589	3	14.624	119	5159140	2	21958336	26	17p_29_sml_6_fmrg	/home/simone/Documents/shinyCNV/simpler_app/data/plots/5159140_17_21699041.png
17	29972355	30045500	27	73146	1	11.005	17	1760278	1	30008928	1	17q_5_sngl_1	/home/simone/Documents/shinyCNV/simpler_app/data/plots/1760278_17_29972355.png
18	7102036	7475999	155	373964	3	105.94	27	3979534	2	7289018	10	18p_9_sml_2	/home/simone/Documents/shinyCNV/simpler_app/data/plots/3979534_18_7102036.png
19	6896380	7001021	76	104642	3	64.824	37	1527283	2	6948701	10	19p_10_sml_1_fmrg	/home/simone/Documents/shinyCNV/simpler_app/data/plots/1527283_19_6896380.png
19	52836147	52909303	41	73157	1	49.683	37	1527283	1	52872726	2	19q_47_sngl_2	/home/simone/Documents/shinyCNV/simpler_app/data/plots/1527283_19_52836147.png
2	121108218	121229596	54	121379	3	20.106	71	3451097	2	121168908	2	2q_16_sngl_2	/home/simone/Documents/shinyCNV/simpler_app/data/plots/3451097_2_121108218.png
22	17054795	17453902	108	399108	3	130.54	120	1678822	2	17254349	19	22q_1_sml_4	/home/simone/Documents/shinyCNV/simpler_app/data/plots/1678822_22_17054795.png
22	18946210	21442000	688	2495791	3	639.078	12	1526578	2	20194106	54	22q_4_sml_3	/home/simone/Documents/shinyCNV/simpler_app/data/plots/1526578_22_18946210.png
22	25714539	25826728	42	112190	3	45.08	37	1527283	2	25770634	35	22q_7_sml_7	/home/simone/Documents/shinyCNV/simpler_app/data/plots/1527283_22_25714539.png
3	924463	1367192	202	442730	3	48.335	137	4453758	2	1145828	23	3p_1_sml_4	/home/simone/Documents/shinyCNV/simpler_app/data/plots/4453758_3_924463.png
3	55116055	55457629	119	341575	1	178.243	105	3253827	1	55286842	1	3p_39_sngl_1	/home/simone/Documents/shinyCNV/simpler_app/data/plots/3253827_3_55116055.png
3	182821275	182882567	44	61293	1	13.638	187	4470273	1	182851922	8	3q_57_sml_1	/home/simone/Documents/shinyCNV/simpler_app/data/plots/4470273_3_182821275.png
3	196953177	197344176	142	391000	3	119.83	174	4058110	2	197148677	13	3q_71_sngl_10	/home/simone/Documents/shinyCNV/simpler_app/data/plots/4058110_3_196953177.png
4	61267425	61461790	44	194366	1	37.258	222	2363426	1	61364608	1	4q_7_sngl_1	/home/simone/Documents/shinyCNV/simpler_app/data/plots/2363426_4_61267425.png
4	77041457	77106874	28	65418	3	15.022	174	4058110	2	77074166	1	4q_20_sml_1	/home/simone/Documents/shinyCNV/simpler_app/data/plots/4058110_4_77041457.png
4	89742179	89864676	73	122498	1	77.182	139	2431417	1	89803428	2	4q_34_sngl_2	/home/simone/Documents/shinyCNV/simpler_app/data/plots/2431417_4_89742179.png
4	121884592	121978762	25	94171	1	17.199	199	4591722	1	121931678	1	4q_61_sngl_1	/home/simone/Documents/shinyCNV/simpler_app/data/plots/4591722_4_121884592.png
5	917110	1257621	175	340512	3	174.547	20	4748802	2	1087366	27	5p_1_sngl_12	/home/simone/Documents/shinyCNV/simpler_app/data/plots/4748802_5_917110.png
5	29658829	29767415	30	108587	1	47.063	82	3983712	1	29713122	1	5p_26_sml_1	/home/simone/Documents/shinyCNV/simpler_app/data/plots/3983712_5_29658829.png
5	123127296	123224481	40	97186	1	51.034	190	4393330	1	123175889	1	5q_55_sngl_1	/home/simone/Documents/shinyCNV/simpler_app/data/plots/4393330_5_123127296.png
6	28920289	29344939	308	424651	3	236.671	83	4168973	2	29132614	3	6p_34_sml_2	/home/simone/Documents/shinyCNV/simpler_app/data/plots/4168973_6_28920289.png
6	75266460	75607238	75	340779	3	40.756	209	5610378	2	75436850	1	6q_8_sngl_1	/home/simone/Documents/shinyCNV/simpler_app/data/plots/5610378_6_75266460.png
6	141126683	141383177	41	256495	3	19.94	234	2370337	2	141254930	6	6q_56_sngl_4	/home/simone/Documents/shinyCNV/simpler_app/data/plots/2370337_6_141126683.png
6	147850041	148168121	110	318081	3	28.161	29	5434497	2	148009082	1	6q_57_sngl_1	/home/simone/Documents/shinyCNV/simpler_app/data/plots/5434497_6_147850041.png
7	10554750	10662786	29	108037	1	29.868	123	4118464	1	10608768	14	7p_14_sml_3	/home/simone/Documents/shinyCNV/simpler_app/data/plots/4118464_7_10554750.png
7	17094588	17176253	31	81666	1	21.518	3	2574301	1	17135421	5	7p_22_sngl_5	/home/simone/Documents/shinyCNV/simpler_app/data/plots/2574301_7_17094588.png
7	21806183	21958982	77	152800	1	81.2	207	5869304	1	21882583	1	7p_28_sngl_1	/home/simone/Documents/shinyCNV/simpler_app/data/plots/5869304_7_21806183.png
7	111174824	111336431	30	161608	1	15.057	98	2389854	1	111255628	31	7q_31_sml_7_fmrg	/home/simone/Documents/shinyCNV/simpler_app/data/plots/2389854_7_111174824.png
7	111225408	111336431	25	111024	1	33.758	120	1678822	1	111280920	34	7q_31_sml_9	/home/simone/Documents/shinyCNV/simpler_app/data/plots/1678822_7_111225408.png
8	3612862	3657643	34	44782	1	22.104	123	4118464	1	3635253	1	8p_6_sngl_1	/home/simone/Documents/shinyCNV/simpler_app/data/plots/4118464_8_3612862.png
8	17528356	17608473	48	80118	1	56.72	3	5177546	1	17568415	2	8p_19_sngl_2	/home/simone/Documents/shinyCNV/simpler_app/data/plots/5177546_8_17528356.png
9	28688478	28945824	76	257347	1	66.897	119	5159140	1	28817152	430	9p_1_sngl_160	/home/simone/Documents/shinyCNV/simpler_app/data/plots/5159140_9_28688478.png
9	11778564	11996228	36	217665	1	66.75	141	2960449	1	11887396	227	9p_1_sml_50_fmrg	/home/simone/Documents/shinyCNV/simpler_app/data/plots/2960449_9_11778564.png
9	119483689	119544455	31	60767	1	22.078	189	2087990	1	119514072	68	9q_3_sngl_52	/home/simone/Documents/shinyCNV/simpler_app/data/plots/2087990_9_119483689.png
9	108597465	108938329	74	340865	3	24.819	167	3025044	2	108767898	50	9q_3_sml_5	/home/simone/Documents/shinyCNV/simpler_app/data/plots/3025044_9_108597465.png
12	7996675	8123777	60	127103	3	43.303	123	4118464	2	8060226	57	12p_7_4	/home/simone/Documents/shinyCNV/simpler_app/data/plots/4118464_12_7996675.png
12	7996675	8116068	58	119394	1	47.133	112	2555060	1	8056372	40	12p_7_4	/home/simone/Documents/shinyCNV/simpler_app/data/plots/2555060_12_7996675.png
14	43819546	44165448	58	345903	3	18.722	236	3190996	2	43992498	8	14q_23_sml_1_fmrg	/home/simone/Documents/shinyCNV/simpler_app/data/plots/3190996_14_43819546.png
15	22305089	22548774	26	243686	3	13.508	12	1526578	2	22426932	18	15q_1_2	/home/simone/Documents/shinyCNV/simpler_app/data/plots/1526578_15_22305089.png
15	24357952	24501396	44	143445	1	47.452	137	4453758	1	24429674	26	15q_4_1	/home/simone/Documents/shinyCNV/simpler_app/data/plots/4453758_15_24357952.png
16	34490722	34740580	34	249859	3	17.764	197	1795736	2	34615652	34	16p_39_3	/home/simone/Documents/shinyCNV/simpler_app/data/plots/1795736_16_34490722.png
16	73730991	73760879	38	29889	1	19.228	187	4470273	1	73745936	5	16q_34_3	/home/simone/Documents/shinyCNV/simpler_app/data/plots/4470273_16_73730991.png
16	73737373	73757897	30	20525	1	25.635	112	2555060	1	73747636	15	16q_34_3	/home/simone/Documents/shinyCNV/simpler_app/data/plots/2555060_16_73737373.png
17	44169581	44282481	42	112901	3	1.183	65	3867266	2	44226032	55	17q_20_3	/home/simone/Documents/shinyCNV/simpler_app/data/plots/3867266_17_44169581.png
19	55301811	55328993	29	27183	1	29.406	171	1369111	1	55315402	38	19q_57_5	/home/simone/Documents/shinyCNV/simpler_app/data/plots/1369111_19_55301811.png
2	242842568	243041411	32	198844	1	36.271	180	4317085	1	242941990	29	2q_109_6	/home/simone/Documents/shinyCNV/simpler_app/data/plots/4317085_2_242842568.png
2	242846855	243041411	31	194557	1	36.992	163	5922066	1	242944134	59	2q_109_6	/home/simone/Documents/shinyCNV/simpler_app/data/plots/5922066_2_242846855.png
6	26429566	26466035	36	36470	1	34.691	236	3190996	1	26447801	67	6p_28_sml_22_fmrg	/home/simone/Documents/shinyCNV/simpler_app/data/plots/3190996_6_26429566.png
6	66883329	66963544	52	80216	1	23.254	46	4692992	1	66923437	34	6q_3_sml_1_fmrg_fmrg	/home/simone/Documents/shinyCNV/simpler_app/data/plots/4692992_6_66883329.png
9	28592527	28759983	39	167457	1	21.418	27	3979534	1	28676256	496	9p_1_90	/home/simone/Documents/shinyCNV/simpler_app/data/plots/3979534_9_28592527.png
